200
-62958 3343
-52942 18185
-45683 22798
-45413 6734
-41306 -7438
-36406 -2618
-34990 -2541
-24857 27526
-32764 -7526
-25899 15058
-29603 -11762
-25314 -5304
-16225 43897
-1720 52591
-12278 27112
-13981 10322
-5241 25442
-2961 -18508
-7641 -19467
-1910 -28997
587 -34257
-4458 -41509
-34526 -25798
-10791 -56571
10526 -81482
-10659 -52104
5871 -68878
-5550 -48949
16930 -67983
4054 -59751


23474 -77327
28439 -93219
18190 -40641
1653 40975
3962 37383
32320 -99929
31327 -79942
18682 -8766
15680 20468
40108 -96784
15510 42727
23979 -825
41934 -98394
29816 -17818
34707 -42901
34315 -16548
26254 5834
22900 40221
28681 47466
30401 58865
38051 42850
38954 54365
39726 61522
40057 2571
42317 10664
44402 -92788
46769 -84623
52212 -51119
48597 -63384
51368 -42904


44025 -27037
52906 -23345
54692 -13235
69677 -682
66282 -22037
56452 -87081
58912 -90405
70868 1339
72946 -4516
64764 -71036
73594 -16728
80136 -3854
75987 -52970
74467 -64031
71908 -81043
71780 -98211
80325 -79716
80706 -77129
82530 -40322
87714 -59434
98461 -64102
99234 -56837
99570 -46094
88515 -36873
90029 -19291
96670 -10196
97837 9569
98828 48669
98613 57929
86835 58623

84839 41654
73741 31548
68950 23869
68034 27339
72823 49121
67569 40074
54746 -3994
61638 29511
65329 38021
64354 38337
62933 37028
89940 92430
73234 70542
72101 72222
76316 89101
65828 83919
54743 26234
64229 83638
91757 96945
65587 85020
-6490 52702
-47106 33997
-8087 52814
47988 80173
59580 85894
75201 94016
70556 92221
21916 68882
-36790 44388
-25667 51007


-31461 49791
-74324 30790
-75594 33680
38682 78787
82247 97966
-69922 39691
-13806 61818
-69153 41210
31266 79468
80337 98171
80356 98796
43644 96781
44038 99611
11332 96006
19337 87173
-3114 92848
-41385 98734
-38770 96788
-20297 88359
15424 82944
16086 78255
-17012 79440
-27044 85450
-30175 86044
-29714 79259
-38572 92245
-40480 91369
-41089 89176
-27785 75394
-26107 73325


-50517 79149
-76283 93713
-95694 86319
-78187 76801
-66033 70765
-82098 60035
-65747 62652
-39422 63872
-75899 52596
-72030 53319
-91604 45862
-90684 35536
-99231 36739
-96476 13647
-97007 7158
-85161 -11358
-91215 -23812
-72934 -31611
-75636 -34333
-74015 -36461
-75606 -49279
-74026 -44766
-79097 -76115
-63456 -24002
-71040 -65364
-68248 -56607
-61261 -38987
-58793 -46448
-61418 -58595
-55674 -71190



-55753 -75894
-52006 -94099
-48234 -83743
-44851 -88159
-50564 -55832
-66130 -11599
-45511 -56791
-46929 -52339
-20811 -84492
-14893 -77951
-15198 -71669
-5939 -80320
-4317 -98361
16730 -98874
-9778 -70162
-16333 -60312
-34307 -35290
-42268 -23965
-38338 -36433
-54234 -23955
