78,79,80,81,82,83,84,85;86,87,88,89,90,91,92,93,94,95,96,97,98,99
73,74,75,76,77,78,79,80,81,82,83,84;71,72,73,74,75,76,77
54,55,56,57,58,59,60,61,62,63,64;84,85,86,87,88
50,51,52,53,54,55,56,57,58;66,67,68,69,70
9,10,11;11,12,13
1,2,3,4;3,4,5,6
75,76,77,78,79,80,81,82,83,84,85,86;94,95,96,97,98,99
59,60,61,62,63,64,65,66,67;63,64,65,66,67,68,69,70,71,72,73,74,75
61,62,63,64,65,66;75,76,77,78,79,80,81,82,83,84,85,86,87,88
88,89,90,91,92,93,94,95,96,97,98,99,100,101,102;78,79,80,81,82
51,52,53,54,55,56,57,58,59,60,61,62,63,64;96,97,98,99,100,101
99,100,101,102,103,104,105,106,107,108,109,110,111;87,88,89,90,91,92,93,94
56,57,58,59,60,61,62;92,93,94,95,96,97,98,99,100
85,86,87,88,89,90,91,92,93,94,95,96;78,79,80,81,82,83,84,85,86,87,88
9,10,11;33,34,35
54,55,56,57,58,59,60,61,62,63,64,65;61,62,63,64,65,66,67,68,69,70,71,72,73,74
20,25,36,45,89;25,36,77,88,98
66,67,68,69,70,71,72;58,59,60,61,62,63,64,65,66,67,68,69,70,71,72
94,95,96,97,98,99;50,51,52,53,54,55,56,57,58,59
82,83,84,85,86,87,88,89,90,91,92,93,94,95,96;52,53,54,55,56,57,58,59
