100
1 2
00
10
1 8
10011000
00100111
4 9
000000100 111010000 010000100 001110000
001101111 111001111 110111011 100111011
2 9
010010010 010000110
110110011 110100111
4 2
10 00 01 11
00 10 11 01
4 8
01011100 00101100 10101101 11011101
10100000 00100001 11010000 01010001
10 10
0011101011 0110001100 0100110001 1101010111 1001001000 0100001110 1010000011 1011110000 0101111111 1010110100
1000110010 0110111101 0000101001 0111001100 1110010101 1001110110 0111110011 0101001110 1010001010 1001000001
10 10
0111111111 0010001110 1101110001 0100100010 1110011111 1010000011 1001101100 0101100100 1001011000 0010010001
1010110010 1001101111 1111000011 1111011100 0111001110 0000111100 0011010010 1000101001 0100100001 0100010101
10 10
0101111110 0010011010 0111010001 0010101001 1000101101 1001000010 0110010110 1000111111 1101100000 1111000101
1101110111 0010001011 1100110000 1000001111 1000111100 0011100100 0111000110 0101100011 0010011001 1111011000
2 4
1100 1001
0010 0111
8 10
1110101001 1110111110 1110000001 0001000001 1110010110 0001110110 0001010110 0001100001
1011001001 1011110110 1011011110 0100011110 1011100001 0100001001 0100101001 0100111110
10 10
0000010110 0110110000 1100101010 0111001110 1001111001 1001011001 0110000111 1001000100 1110101011 0011110101
0010001101 1110110001 1000100000 1101010010 0111100011 1000010111 1001101001 0111111110 0000001100 0111011110
10 10
0000001101 0001101000 1011110010 0100001111 0001110000 1110111011 1001011100 1111100001 0110010110 1110000111
1100110011 1101001110 0110110001 1011010101 0011000100 0010100010 0100011111 0011111000 1001001100 1100101011
10 10
1110010010 1110000011 0001101110 0000101101 0001011100 1110100101 1110111010 0111101111 0001010001 1001010000
1101010101 0100111001 0011111011 0010001010 0010111000 1101000100 1010000110 0010000111 1101110011 1101101100
2 4
0000 1100
1011 0111
6 8
01010101 00001001 10011100 11001010 10101001 00011010
01100110 00000101 10100101 11111001 00110000 10110110
5 7
0001101 1100111 0010001 1111001 1110101
0110101 1011101 0111001 1000001 0101011
8 4
0001 0000 1111 0101 1110 1011 0100 1010
0101 1111 0000 1110 0001 0100 1011 1010
6 10
0011100111 0101000001 0011011010 1110000111 0100000001 0100111100
0001111011 0101011010 0010000101 0011000001 0110001010 1000000110
10 10
1100100100 0111011001 0000010110 1001101001 1010111010 0100010010 0110011101 1111101100 0001000011 1011100111
0011010011 0110000101 1000101101 0111011000 0000011011 1011100110 1100101001 1010100010 1101111100 0101010110
2 7
1011000 1111101
1100101 1000000
10 10
0000101011 0101111110 1100101111 0101000101 1011010101 1000010000 0010010010 1110101100 1111001001 0011110010
1010100101 1101001001 1011000101 0011100010 1000011100 0111111110 0100011000 1101110010 0000100111 0110011011
10 10
1011100011 0010000100 1111011000 0100101000 0001110110 1111100111 1000011111 0100101001 1001010100 0110011011
1000000110 1110001010 0101111010 1001001101 0111001001 0000100100 1110110101 0101111011 0011010110 1010110001
1 2
11
01
4 8
01100111 01101000 00101000 11101000
10100101 11100101 11101010 01100101
4 7
0101110 1010000 0111110 1000000
0111111 0101111 1000001 1010001
8 8
11100010 01101011 10010100 11000100 01001011 11111010 00001011 10100110
00010000 01000000 01100110 10001111 11001111 01111110 11101111 00100010
6 7
1010010 0111011 1100111 1111110 0100010 1010001
1010010 0001001 0011001 1001001 1101010 1011110
10 10
0110011000 1011110100 0101000011 1011001110 1111010111 0100100001 1001101011 0000111001 1000111110 0110000100
1110110010 0000001000 1110101110 1000001111 1101110101 0011111000 0111100001 0001011101 0011000010 1100010111
2 6
101011 101000
000111 000100
7 9
101010011 110110010 001101000 111010000 100100100 010011111 011001001
001111111 010111010 110101101 111010100 101111100 000101101 010101001
8 8
10001111 00100101 00010111 00000111 00110101 11111100 10101101 11011110
10100001 01111000 10000011 11110000 01011010 11010010 01001010 01101000
10 10
1110111000 1111111111 0111110111 1101000111 0011000100 0101001001 1000001010 0010000110 1000111000 0000110001
0100100110 0101100001 0010100110 1001011010 1101101001 0010010100 1010101111 0111011001 1111010111 1000011000
1 7
1000101
0110110
10 10
1001011010 1100001100 0011010111 1001100000 0100100000 1110010000 0010110111 0010111111 0101001111 1111101001
0010111010 0001011111 1000011100 1111100100 0100110011 0100001001 1001110011 1110000100 1111101100 0011000011
6 10
0111100001 0000011101 0011101001 0100100000 0000101000 0100010101
0111110010 0111000111 0000001110 0011001111 0011111010 0100000110
10 10
0110101100 0011111000 0000011011 1010000111 1101100010 0110110000 0101000001 1100111110 1011000111 1001011101
1111100011 1010111001 0100111111 0010011010 1001010100 1100000000 0110100101 0101111111 0011000110 1001001000
10 10
0001000001 1111110010 0000101110 0111011101 0000100111 1111011110 1100100000 1011111000 0110010011 1000001101
0110101001 0001010110 1000110111 0001111010 1110000011 1111100101 0101011100 1110001010 1001111001 0010000100
10 10
0101100001 1110101000 0111001101 1000001111 0011011001 0100100001 1000010110 0010111110 1011110010 1101010110
1111110110 0011001001 1101011010 0101101101 1011100010 0000110100 1010000101 1100011010 0110010011 0000101101
7 9
111001011 100100001 110100100 110110000 110001000 010000111 101000101
010100100 111111101 011111011 001010101 110010011 010101011 001011000
2 4
1100 1000
0001 0101
10 10
0111001110 0000110000 0111011010 1101011101 1010000111 0010011001 1001100110 1010110011 1100100100 0101101001
0110111110 0100010111 1110100000 1110010100 1001111010 1101000001 0001001110 0011111101 1000000011 0011101001
1 5
00100
00010
2 10
0101100000 0010111110
0101000000 0010011110
2 8
01011110 11110101
10101100 10101010
2 9
101101111 111111101
111011101 101001111
1 10
1100000101
0111010000
6 5
11011 10000 10011 11001 10001 10111
01110 00111 00101 01111 01001 01101
10 10
0101101110 0001000011 0111011100 1111101110 1000110001 0000110000 0010010001 1100000101 1110001011 1011111110
0011000001 1101101100 1011110011 1110111110 1100011111 0100011110 0000101010 1001000001 0111010001 0010100100
10 10
0011110111 0100101001 1011000010 1000010011 0000111110 0101111001 1000001001 1110000100 1111111100 0111000110
1101101110 1000101000 0101011011 0110010010 1001010000 0011010101 0010000101 0001101010 1110111111 1110100101
2 5
00001 00100
01111 01010
2 9
010111101 000111000
111101101 101101000
4 8
00011011 11000100 10010010 01001101
10011011 11001101 00010010 01000100
8 9
010000110 111011101 101011101 000010110 010010110 000100110 101101101 111001101
111101001 101011001 101101001 111111001 010100010 000010010 000100010 010110010
5 8
01000110 00000100 00000110 00001011 10110111
11110000 10111101 01001100 11111101 11111111
3 3
001 010 100
111 011 101
10 10
1001100000 0001110110 1010101001 0010010100 1011001010 1111011011 0101101111 0100010001 1110101101 0100010110
1011010100 1110110011 0000010110 1111010000 0001101111 0111101101 0100001111 0001101000 1100011001 1010100010
10 9
000001110 010100001 101111101 100011111 010001001 111110001 110111011 101110100 010110011 111110100
010101110 011001110 100000001 001010000 011010110 001110010 100000101 000111000 010100011 011001101
10 10
0100001110 0011110001 1111010111 1100111010 1001010001 1100101011 0010001100 0011100100 1000010101 0111101010
1101101010 0110101011 0010100101 1001010100 1000010000 0011001101 1101111011 1110010110 0101001111 0010110000
10 10
0110011101 1001001010 1001110001 0110110010 1101101100 1001100110 0011001000 0100110011 0010000111 1110011101
0011011011 1001100010 1100011000 1100110111 0011001100 1000101101 0011100000 1110011001 0111000110 0100110111
2 7
0100110 0110101
0111010 1111010
10 10
0110100110 1110110101 0001000000 1000111111 1101100000 0011011001 0100001110 1101011011 0011010110 1010101001
0001100111 1011011100 1100001011 1001110100 0010001001 0111101101 0010110010 1110010010 1100000100 0101111011
10 10
1100110100 1011000011 0101111010 1010110100 0111101011 0100101001 0011000101 0010011101 1000000110 1101011010
1100000111 1000101001 1111000101 0000101111 0011101010 0001011000 1001110001 0111011000 0110110110 1110010110
10 10
0011110001 1001101110 1101111000 0110000110 0100000011 1010011000 1101001111 0010111001 1111110100 0000000111
0110011011 0001101001 1010011110 0101101101 1000010010 1000100101 0111010011 0011101100 1100000100 1111110010
10 10
0011110000 1101011010 0111111010 1110001000 0100010101 1000100111 0010001101 1001011011 0110100101 1001100110
0010011110 1111101101 0100000110 1111010000 0101111011 0001110001 1011010001 0000101110 1110101100 1000000011
3 7
0001000 1000110 0010100
0101010 1110110 1110111
8 7
0100011 0100101 0101010 0101111 1010010 0110010 0100111 0011001
1000001 1001011 1000100 1011100 1001001 1110111 0111100 1001101
1 7
1000111
0101100
10 10
1111011011 1001100111 0000100011 0111011000 0111100111 0000111010 1001011101 0100001100 1010010100 1110100000
0111010100 0100000000 0011100010 1010000101 1010111111 0011111011 1100000011 1101111000 0100111111 1001001100
10 10
1001111011 0001010110 0010101100 1100011100 1011100001 1111000011 1000001100 0100101010 0110010001 0111110111
1010111110 0011110011 1110011100 1001010011 0111001110 0110101000 0101110101 0000001001 1000100100 1101000011
10 10
1101101001 1010011100 1110101001 1001100011 0111110101 0000000110 1001011110 0111010000 0100110111 0010001010
1001110000 1110100110 0111111110 1010010111 0111000011 1001010101 1100101010 0100111100 0011001001 0000001001
6 6
000001 001000 011001 011000 001001 010001
101000 110000 100000 111001 111000 101001
3 8
10111110 00110000 00100101
10011110 01101011 01110100
10 10
0001101101 1010001110 0100111011 1000110011 1110111001 1111010111 0101110110 0011000000 0000001000 1111000100
0100111010 1111011001 1010000000 1011101110 0110010111 0000100001 0001101100 0101011111 1101100100 1010010011
2 7
1111101 0100100
0000110 1011111
4 4
0010 0101 0110 0001
0011 0111 0000 0100
10 10
1101000111 0010111100 1110000010 1101010001 1110001101 0001101111 0010100010 0111111110 1001111000 0000010001
0010101111 1011010011 1110010001 0001111100 0001101010 0101010101 1110001111 0010100000 1100111100 1101000010
4 7
1101001 0111011 0011111 1001101
1001001 0011011 1101101 0111111
10 10
0100110101 0000000110 0110011111 1001011000 0010000011 0001100001 1010101110 1111111000 1111111101 1101000010
0111110000 1101011000 0011000011 0101110101 1010110100 1000001110 0110010111 0001101001 1000001011 1110101110
10 10
1110100101 0111100000 1001111111 0000101010 0111011111 1011111110 0000010001 0000001000 1110000111 1101010000
1101000010 1010111010 1010011000 0100101100 0100110101 0011011101 1001101101 0011100010 0100010111 1111000011
10 10
0000010001 1110000000 1001010011 1110000101 0101101111 1000101100 1010100000 0111111110 0001011110 0111111011
0001010001 0101110001 1110011110 0010100010 0011011101 1010101111 0101110100 1100001010 1100001111 1011100000
10 10
0011010101 1011100110 1101001101 1110010011 0000011010 1001100101 0110111110 0100101010 1110100000 0001011001
0000010110 1001101001 0001010101 0011011001 0110110010 1110011111 1011101010 0100100110 1110101100 1101000001
10 10
1001000011 0101010101 0010111110 1000011000 0111100001 0100100010 1110001000 0111100110 1011111111 1000011101
0010000110 1111100111 1000101100 0100011010 1110111100 1101011011 0001000101 0001000010 1110111001 0011110001
2 9
100111111 011100111
000110001 101001111
1 4
0110
0000
10 10
0101000111 0110100110 0000110110 1001011010 1100011010 0111100001 1010011100 1011100001 1000101101 0111011001
1011110110 0111011010 1111000001 0000110101 0001001010 0010101011 1101110000 1100001101 1110110110 0000001101
6 6
101011 110010 101111 110000 101001 110110
001001 001111 010010 010000 001011 010110
2 8
10111011 10110101
01111010 01110100
4 5
00011 11010 00101 11100
11100 00011 00101 11010
5 7
1010110 0011100 0010100 1010001 1001000
1001101 1110011 1001111 0100110 0100111
10 10
0011000011 1111010011 0110000100 1000101101 0010011000 1001001010 1101111100 0100111110 1001100111 0110110001
0000101101 1010001001 0101101010 0101011111 1010100100 1011000011 1100111101 0001110110 1110010010 0111010000
10 10
0111100110 1000000010 1100101111 0010011110 1101011111 0100110001 1010101000 0011011100 0001100001 1111010001
0001110001 0110000110 1100111111 0011011011 1000000101 0100001000 0111110110 1111101000 1001000111 1010111000
10 10
1100101100 1001010100 0101000011 0011101000 1011110011 1010110000 1000010001 0110011111 0100001111 0111101110
0111110010 0001101110 1001001101 1010101100 0100010110 1000000001 1110101010 0101010011 1011011101 0110110001
10 10
0010111011 1110000110 1011101010 0001110100 1111110111 0000011101 1000011000 1110000001 0101001110 0101100001
1101111000 1010100010 0111101110 1001101101 1101010111 0110011111 0110011000 0000000001 1000000100 0011110011
10 8
11101100 11111101 00110111 00000011 00010011 00100110 11001001 11011001 11011101 00010111
00010111 11101000 11011101 00000111 00100010 00110011 11001101 00010011 11011001 11111001
10 10
1001000001 0110011010 0001100001 1000011110 0111100110 1111101110 0010110001 1100100100 1011011001 0100011111
0111010010 1010010111 0100000010 0000101001 0010101100 0001010101 1110101101 1001011101 1101101010 1111110010
10 7
0100010 1110011 0011000 1010110 0001111 1101100 1001011 0000100 0000111 0111101
1100010 1000111 1111101 0101110 1100001 0110011 1011000 0010110 1101010 0001001
4 7
1001100 0011101 1000111 1111010
1011111 0111000 0000101 0001110
8 7
1101100 1110100 0111000 1101011 1111100 0000111 1111111 0111101
0001000 1111011 0010111 1000100 1000001 0000000 0000011 0010000
10 10
0110100010 1011001001 0101101010 1110100101 1100010101 1000011000 0011001110 1001110111 0000010110 0111111001
1000111101 0110001110 0000110011 1111010010 1110001001 0001011100 0011100010 1101000001 1011100101 0100111110
