100
10
824755529 733807900 395054020 854785455 825106881 891680501 311969637 690822339 747790760 988183681
10
7131 6997 1345 1619 255 9523 2500 7610 287 5236
8
6267304 4456255 6904168 2820711 9698139 9276649 5186589 9618243
4
600 97 173 877
3
1 2 3
8
146 267 283 344 399 551 819 959
3
873384396 452538829 998211009
8
752 416 78 25 56 182 684 806
10
895046344 40724492 73831301 639805873 882447006 433472469 133950226 281772647 605838991 780225083
5
1 8 10 3 7
3
710 169 625
7
531260774 508756827 647382327 750812931 875301961 154374708 881038815
10
318049664 9188769 314601644 927637585 655881848 632595718 843840476 665458363 68921907 299318111
3
409652514 792623619 240480047
7
181 613 966 828 766 700 616
3
684206710 555367894 218009196
10
274571444 293552233 523478723 140672478 667117799 488722568 293670809 867962623 449784782 669210998
9
212 3937 444 2833 977 363 8089 889 4713
10
900 840 620 132 30 88 485 837 895 985
4
126 434 494 450
9
3777 2174 774 2001 5902 5086 174 915 2101
8
909 489 365 35 104 476 575 914
10
2685 8262 1466 6912 9204 2952 2795 5606 990 9214
4
72 596 518 149
10
921 635 438 305 102 268 333 457 836 931
10
415470452 270107322 236864788 627095645 970621245 232374177 73106523 165947032 457902575 110968368
3
615749701 378839926 45064237
8
6769 917 4374 8572 3947 3106 2451 3337
4
569324 7803462 1945339 1298080
10
9347 2495 1047 7932 5157 6692 8104 9983 6407 7357
10
2621 5776 924 384 5062 8924 406 618 6500 8986
10
610576506 70390791 738420917 167477770 138001117 582444070 881931416 701318257 694547548 121169558
3
509791814 397812285 266549033
9
995 875 475 210 33 103 416 758 961
8
473756128 234552708 870149248 857450140 890764691 862892966 484683312 781862334
4
48 414 670 559
9
8618 1169 2137 6106 9426 326 1850 7165 1288
3
86059685 222832761 458791132
10
121986640 799483305 483979690 149439854 84503676 197055440 388503936 486376185 973458177 90048438
10
251954624 567708467 716366515 727944951 992307678 81486656 305028976 764550 506988471 866046593
10
762 439 283 202 59 156 261 356 673 926
4
327 980 567 493
6
786228537 357682870 414317219 230427231 792598101 304499352
10
54171233 345713025 619315806 906233535 51911718 813414026 532899900 65373937 140530284 195378868
9
7886 200 1087 5029 9246 7517 1408 4196 6472
1
463489367
10
761 624 415 199 11 29 341 437 726 954
8
7776 4789 664 6300 8106 1015 3425 3790
10
607 437 352 288 98 273 349 382 476 879
10
14807942 848245691 255423110 841657174 697630210 812609543 778613522 136043996 160054984 762203179
9
9611 2132 247 354 216 9453 9252 9915 9013
10
7305 1885 2610 3077 9466 3330 2204 2762 3278 3503
9
956 449 239 216 69 116 234 418 570
4
107 782 596 288
9
912 743 494 159 57 122 310 658 878
10
9079 1433 4197 3006 7931 8252 6788 4729 7967 9345
10
284573490 788459595 618399370 764547891 703542725 424906207 790059295 255977382 129613104 701737802
10
739 363 157 105 34 58 139 284 696 770
8
358522004 175333179 773293131 375323040 212712696 897521194 79846531 44878592
9
327 2201 8843 4886 355 26 9682 1333 9065
8
8219699 1336984 3381508 7686646 1836700 5171572 6214981 5780614
6
972195289 308650339 386184092 480196466 746320737 614828409
10
9049 7757 2141 389 5944 6922 6871 6981 4682 249
10
6613 6515 20 601 2141 53 4999 7935 9212 4301
10
9925 340 545 941 9205 6805 5222 2334 261 8804
10
795 655 484 185 1 31 332 504 748 913
10
1403 4392 3557 2151 1563 2688 9836 1495 773 8016
10
9211 1256 6048 2714 3879 7628 7095 9399 2323 6459
8
6159 1674 926 1031 2236 5456 1261 4992
10
780 743 708 451 46 205 550 715 766 927
10
772 695 489 216 42 80 236 655 716 928
8
817 487 219 160 198 481 516 871
8
3368328 2375778 4455225 939155 9912914 650644 7468538 7570314
10
962611636 29310771 496858742 503746458 934865489 405072335 940510403 861074685 672537421 694236096
10
8379 8625 5608 986 7716 9620 9312 2151 3341 1254
10
973 862 819 563 71 559 669 836 970 980
10
964 764 594 425 4 53 478 703 874 997
8
9450 3034 4010 3096 9893 7889 3440 9063
10
8038 4914 4879 1402 3620 4795 5898 2138 3018 9241
9
9974171 8256308 196276 854912 4615845 4342613 2480086 2174612 3074425
10
707 453 293 217 54 120 223 354 556 989
10
9928 9190 6847 1971 7357 9734 4138 5731 7799 5913
9
9138 783 5196 5228 6820 431 3133 19 60
4
555330989 714958898 923496066 521019468
9
897316368 173650556 343432266 460026992 654899083 660657306 722930820 528451896 572234553
10
543373986 802304588 455594027 338447312 370599039 557490340 464211004 121511489 66603007 686830457
4
268 42 214 935
10
6549 1754 5624 727 3940 4412 3212 2235 4327 3509
4
964 757 665 583
8
45 3931 228 3116 4488 1943 1858 8204
8
5694 9999 3158 8071 960 184 106 9571
10
7031258 1841327 6643756 6067932 1962004 5243466 6097924 1923143 4950581 8288294
7
18 193 314 801 763 653 616
9
976 912 612 275 61 76 536 894 966
6
998628654 279877896 839728669 367385147 338921427 994000535
3
618789566 924475178 824228584
4
356666911 888978212 242874126 273392306
10
8398 8852 5718 273 1747 12 1398 8102 1180 9868
8
9184 3820 4116 371 7822 9866 275 7048
10
624415741 764128465 452538453 910753207 835358097 965518105 244003018 898060454 996002639 344562518
