    833 0 1 2 3 4
    808 0 1 2 4 3
    856 0 1 3 2 4
    904 0 1 3 4 2
    690 0 1 4 2 3
    733 0 1 4 3 2
    873 0 2 1 3 4
    797 0 2 1 4 3
    876 0 2 3 1 4
   1386 0 2 3 4 1
   1059 0 2 4 1 3
    794 0 2 4 3 1
    647 0 3 1 2 4
   1064 0 3 1 4 2
    768 0 3 2 1 4
    818 0 3 2 4 1
    740 0 3 4 1 2
    960 0 3 4 2 1
    765 0 4 1 2 3
    676 0 4 1 3 2
    702 0 4 2 1 3
    724 0 4 2 3 1
    985 0 4 3 1 2
    717 0 4 3 2 1
    875 1 0 2 3 4
    902 1 0 2 4 3
    834 1 0 3 2 4
   1421 1 0 3 4 2
   1169 1 0 4 2 3
    808 1 0 4 3 2
    922 1 2 0 3 4
   1465 1 2 0 4 3
   1320 1 2 3 0 4
   1296 1 2 3 4 0
   1086 1 2 4 0 3
   1086 1 2 4 3 0
   1056 1 3 0 2 4
    985 1 3 0 4 2
    819 1 3 2 0 4
   1037 1 3 2 4 0
   1077 1 3 4 0 2
    960 1 3 4 2 0
    739 1 4 0 2 3
    814 1 4 0 3 2
    816 1 4 2 0 3
    698 1 4 2 3 0
    983 1 4 3 0 2
    957 1 4 3 2 0
    722 2 0 1 3 4
   1170 2 0 1 4 3
   1061 2 0 3 1 4
   1059 2 0 3 4 1
    821 2 0 4 1 3
    864 2 0 4 3 1
    792 2 1 0 3 4
    779 2 1 0 4 3
    782 2 1 3 0 4
   1022 2 1 3 4 0
    867 2 1 4 0 3
    663 2 1 4 3 0
    698 2 3 0 1 4
   1159 2 3 0 4 1
    991 2 3 1 0 4
    929 2 3 1 4 0
    865 2 3 4 0 1
    864 2 3 4 1 0
    893 2 4 0 1 3
    663 2 4 0 3 1
    774 2 4 1 0 3
    765 2 4 1 3 0
    950 2 4 3 0 1
    865 2 4 3 1 0
    752 3 0 1 2 4
    789 3 0 1 4 2
    635 3 0 2 1 4
    789 3 0 2 4 1
    917 3 0 4 1 2
    754 3 0 4 2 1
    596 3 1 0 2 4
    927 3 1 0 4 2
    700 3 1 2 0 4
    695 3 1 2 4 0
    621 3 1 4 0 2
    768 3 1 4 2 0
    935 3 2 0 1 4
    925 3 2 0 4 1
    694 3 2 1 0 4
    982 3 2 1 4 0
   1006 3 2 4 0 1
    811 3 2 4 1 0
    694 3 4 0 1 2
    734 3 4 0 2 1
    725 3 4 1 0 2
    627 3 4 1 2 0
    600 3 4 2 0 1
    700 3 4 2 1 0
    531 4 0 1 2 3
    662 4 0 1 3 2
    562 4 0 2 1 3
    595 4 0 2 3 1
    654 4 0 3 1 2
    794 4 0 3 2 1
    651 4 1 0 2 3
    574 4 1 0 3 2
    566 4 1 2 0 3
    602 4 1 2 3 0
    832 4 1 3 0 2
    624 4 1 3 2 0
    647 4 2 0 1 3
    810 4 2 0 3 1
    772 4 2 1 0 3
    629 4 2 1 3 0
    891 4 2 3 0 1
    926 4 2 3 1 0
    710 4 3 0 1 2
    669 4 3 0 2 1
    640 4 3 1 0 2
    695 4 3 1 2 0
    730 4 3 2 0 1
    540 4 3 2 1 0
